2.500000000000000000e+01 1.003629148629148649e+00 3.159110515539856223e+01
2.510000000000000142e+01 1.015822510822510738e+00 3.222222439562603569e+01
2.520000000000000284e+01 1.028629148629148560e+00 3.289594804861644661e+01
2.530000000000000426e+01 1.041450216450216404e+00 3.356748101375536208e+01
2.540000000000000568e+01 1.054567099567099486e+00 3.425200800163040071e+01
2.550000000000000711e+01 1.068145743145743065e+00 3.496794634528130530e+01
2.560000000000000853e+01 1.081450216450216439e+00 3.568291131678567751e+01
2.570000000000000995e+01 1.094971139971139928e+00 3.641615364274574063e+01
2.580000000000001137e+01 1.108953823953823914e+00 3.718555330667007297e+01
2.590000000000001279e+01 1.122186147186147176e+00 3.791826679363204278e+01
2.600000000000001421e+01 1.135692640692640643e+00 3.868820366887802464e+01
2.610000000000001563e+01 1.148492063492063453e+00 3.941795732208709069e+01
2.620000000000001705e+01 1.162258297258297324e+00 4.019207772837631154e+01
2.630000000000001847e+01 1.176053391053391017e+00 4.097816104765443157e+01
2.640000000000001990e+01 1.189682539682539675e+00 4.176755588767495198e+01
2.650000000000002132e+01 1.204437229437229417e+00 4.262871768473228684e+01
2.660000000000002274e+01 1.219112554112554037e+00 4.350547453711510570e+01
2.670000000000002416e+01 1.232965367965368042e+00 4.433892338552501400e+01
2.680000000000002558e+01 1.247135642135642097e+00 4.516939294985518671e+01
2.690000000000002700e+01 1.261443001443001366e+00 4.603294625829517628e+01
2.700000000000002842e+01 1.275764790764790657e+00 4.689807354929423155e+01
2.710000000000002984e+01 1.290158730158730060e+00 4.778671700222176355e+01
2.720000000000003126e+01 1.305014430014429960e+00 4.868111482663160672e+01
2.730000000000003268e+01 1.319783549783549725e+00 4.959633876988811352e+01
2.740000000000003411e+01 1.334920634920634841e+00 5.053120479168097745e+01
2.750000000000003553e+01 1.350151515151515103e+00 5.149007068411386712e+01
2.760000000000003695e+01 1.365173160173160261e+00 5.243691551835612330e+01
2.770000000000003837e+01 1.380252525252525286e+00 5.339163456826563703e+01
2.780000000000003979e+01 1.395288600288600245e+00 5.436534143907637429e+01
2.790000000000004121e+01 1.411493506493506578e+00 5.540399921243977843e+01
2.800000000000004263e+01 1.427258297258297226e+00 5.643203909201269397e+01
2.810000000000004405e+01 1.442265512265512362e+00 5.742141420367349980e+01
2.820000000000004547e+01 1.458297258297258203e+00 5.847159421466781737e+01
2.830000000000004690e+01 1.473932178932178871e+00 5.952350517288947174e+01
2.840000000000004832e+01 1.490461760461760488e+00 6.063140974348725365e+01
2.850000000000004974e+01 1.506940836940837025e+00 6.175537751020823407e+01
2.860000000000005116e+01 1.523210678210678237e+00 6.286231840727415232e+01
2.870000000000005258e+01 1.539444444444444393e+00 6.394500979236812555e+01
2.880000000000005400e+01 1.555836940836940796e+00 6.508288512204087795e+01
2.890000000000005542e+01 1.572085137085136974e+00 6.621188887009655843e+01
2.900000000000005684e+01 1.589430014430014415e+00 6.742341641393316820e+01
2.910000000000005826e+01 1.605757575757575717e+00 6.855548200183650920e+01
2.920000000000005969e+01 1.622770562770562863e+00 6.978948727347685121e+01
2.930000000000006111e+01 1.639949494949495046e+00 7.102384848229772274e+01
2.940000000000006253e+01 1.656810966810966734e+00 7.224080714608464859e+01
2.950000000000006395e+01 1.674646464646464716e+00 7.352864724153512554e+01
2.960000000000006537e+01 1.692142857142857171e+00 7.479445197381986077e+01
2.970000000000006679e+01 1.709884559884559785e+00 7.608822841380201396e+01
2.980000000000006821e+01 1.727698412698412733e+00 7.741383885854003211e+01
2.990000000000006963e+01 1.745945165945165911e+00 7.875751963335689254e+01
3.000000000000007105e+01 1.763809523809523716e+00 8.007760511234799594e+01
3.010000000000007248e+01 1.782092352092352172e+00 8.143590731037441799e+01
3.020000000000007390e+01 1.800317460317460316e+00 8.281441259763164453e+01
3.030000000000007532e+01 1.818715728715728730e+00 8.420501480086372226e+01
3.040000000000007674e+01 1.837474747474747483e+00 8.564530271400879258e+01
3.050000000000007816e+01 1.855822510822510818e+00 8.706554041294205604e+01
3.060000000000007958e+01 1.874473304473304403e+00 8.853793713240425234e+01
3.070000000000008100e+01 1.893282828282828234e+00 9.001430408595334143e+01
3.080000000000008242e+01 1.911926406926407029e+00 9.151695444191450690e+01
3.090000000000008384e+01 1.931637806637806598e+00 9.306796008815221910e+01
3.100000000000008527e+01 1.950411255411255373e+00 9.456140098527014004e+01
3.110000000000008669e+01 1.969531024531024466e+00 9.609636601382824495e+01
3.120000000000008811e+01 1.988896103896103940e+00 9.767797915659377850e+01
3.130000000000008953e+01 2.007698412698412760e+00 9.921546021496143908e+01
3.140000000000009095e+01 2.027077922077922256e+00 1.008230546649238306e+02
3.150000000000009237e+01 2.046955266955266861e+00 1.024790506141605420e+02
3.160000000000009379e+01 2.066746031746031775e+00 1.041222621389633360e+02
3.170000000000009521e+01 2.086515151515151434e+00 1.057893044503476290e+02
3.180000000000009663e+01 2.105851370851370863e+00 1.074327132362066521e+02
3.190000000000009805e+01 2.126103896103896052e+00 1.091674744307639884e+02
3.200000000000009948e+01 2.146507936507936698e+00 1.108936292196339366e+02
3.210000000000010090e+01 2.167135642135642026e+00 1.126800815501437967e+02
3.220000000000010232e+01 2.187128427128427255e+00 1.144068155635930140e+02
3.230000000000010374e+01 2.207150072150072084e+00 1.161609344464538509e+02
3.240000000000010516e+01 2.227784992784992646e+00 1.179729552669031847e+02
3.250000000000010658e+01 2.249422799422799546e+00 1.198923048616446891e+02
3.260000000000010800e+01 2.270324675324675301e+00 1.217409577589437930e+02
3.270000000000010942e+01 2.291818181818181976e+00 1.236614078053260073e+02
3.280000000000011084e+01 2.313924963924963940e+00 1.256586805542541185e+02
3.290000000000011227e+01 2.335223665223665090e+00 1.275822138388627423e+02
3.300000000000011369e+01 2.357049062049061838e+00 1.295733456931195917e+02
3.310000000000011511e+01 2.378989898989899210e+00 1.315881848382818191e+02
3.320000000000011653e+01 2.400310245310245172e+00 1.335397877825356829e+02
3.330000000000011795e+01 2.422243867243867310e+00 1.355537375336024013e+02
3.340000000000011937e+01 2.443362193362193402e+00 1.374684371805042815e+02
3.350000000000012079e+01 2.465541125541125478e+00 1.395231704503289336e+02
3.360000000000012221e+01 2.487770562770562854e+00 1.415856801666947717e+02
3.370000000000012363e+01 2.509999999999999787e+00 1.436782549783549996e+02
3.380000000000012506e+01 2.532683982683982649e+00 1.458264497947940015e+02
3.390000000000012648e+01 2.555064935064935039e+00 1.479547889207474043e+02
3.400000000000012790e+01 2.578152958152958085e+00 1.501799094311492411e+02
3.410000000000012932e+01 2.601269841269841177e+00 1.524310431205478835e+02
3.420000000000013074e+01 2.625137085137084991e+00 1.547427245483072227e+02
3.430000000000013216e+01 2.648412698412698330e+00 1.570328365858128166e+02
3.440000000000013358e+01 2.671839826839826681e+00 1.593258967593373541e+02
3.450000000000013500e+01 2.695303030303030312e+00 1.616367340712318423e+02
3.460000000000013642e+01 2.719033189033189135e+00 1.639979696280471160e+02
3.470000000000013785e+01 2.743131313131313309e+00 1.664002089538967937e+02
3.480000000000013927e+01 2.767373737373737264e+00 1.688174001734517446e+02
3.490000000000014069e+01 2.791291486291486379e+00 1.711897813046461181e+02
