7.500000000000000000e-01 7.500000000000000000e-01 0.000000000000000000e+00
2.214775985046631774e+02 1.613621139278909311e+02 8.798817795145683363e+01
1.514392468932339000e+02 2.921156947201910157e+02 1.622039613042990425e+02
1.979595388960353830e+02 1.929908990941246998e+02 6.955518303993852669e+01
1.875036830991880166e+01 2.481644215558598319e+02 2.419385367430157601e+02
1.309462965939307537e+02 2.733233971073233306e+02 3.649490989636350236e+01
2.245052860668115713e+01 2.497964414370423469e+02 6.256563752083286545e+01
2.212720719603130135e+02 2.357726340471398032e+02 2.609288895675888398e+02
1.033885073816558418e+02 2.061359961287330691e+02 2.621993137033234689e+02
2.590813500893769401e+02 2.765781986804685744e+02 1.988022641017186913e+02
1.262402548298785518e+02 2.358676755615987588e+02 6.080755564524354639e+01
2.487290603439399206e+01 1.519919128892844071e+02 9.681609424643588113e+01
2.599075772602702159e+02 2.442013548100984792e+02 9.516978528190713860e+01
1.833840341488221384e+02 2.899701455148569949e+02 8.956172210198030825e+01
4.789133051705690036e+01 2.167958911287924479e+02 2.928339726789245674e+02
2.505738014810871448e+02 2.152674760885053047e+02 5.605258711533835481e+01
2.436316983032419898e+02 2.823988582417571251e+02 2.750246649379340624e+02
9.861760132592966954e+01 2.167637019310879793e+02 2.105530612100743326e+02
1.741343679673009248e+01 2.095540659159186134e+02 2.617921534103228396e+02
7.803887555135868581e+01 1.679406063916570986e+02 2.720206170573052304e+02
2.788883028146275933e+02 1.795153883865402804e+02 1.782285037266536563e+02
2.716725702659098829e+02 1.959690268994996813e+02 5.595890503435112961e+00
1.044081519303716306e+02 2.649949544664509631e+02 2.171801649629235555e+02
1.708360267371673729e+02 1.806510095185375064e+02 1.071099988140478487e+01
2.914184536977372773e+02 2.756499945355874956e+02 2.133334258886071666e+02
2.327679874470382160e+01 2.285739713398321271e+02 8.906316606157160720e+01
1.681039108422475863e+02 2.253627402633788108e+02 4.208709933151664018e+01
1.799717885008251983e+02 1.804112681351377603e+02 2.183204992293922260e+02
1.683073594368033525e+02 2.397531550383215517e+02 2.937328979851897657e+02
6.249934768856573442e+01 1.532557966006019115e+02 1.103517138889954765e+02
2.260457320793222777e+02 2.231822999940098953e+02 2.277017568358428150e+02
2.995074708389450961e+02 2.842235339262334719e+02 1.137180404049328502e+02
1.050156566008805754e+02 1.655249327002350128e+02 2.028603339048127907e+02
2.550522176762503790e+01 2.815864883215736540e+02 8.058834241554704647e+01
1.607805790407488544e+01 1.544322024586331565e+02 1.465642748227625702e+02
7.815920488822935397e+01 1.739719478731848312e+02 1.748169122375007589e+02
2.282361523882108258e+02 2.538246406746153525e+02 1.749653201067461055e+02
4.863195052594505796e+01 2.985308665874983376e+02 2.582035929946310375e+02
1.670609304497526466e+02 2.682185335152395851e+02 1.915130574261672507e+02
2.849888618050882201e+02 1.555022207405313850e+02 9.375580280516506093e+01
1.076167885684613879e+01 2.980464094100266834e+02 2.908792883985150723e+01
2.861098593996463535e+01 2.159658174356511040e+02 6.026337497636810525e+01
9.342067183565308852e+00 2.391248709187093198e+02 2.098076541731987845e+02
1.639236429069381984e+02 2.094326038032978659e+02 2.442666208440187745e+02
2.772835307586958038e+02 2.142306729342204790e+02 2.154865768781769475e+02
7.000452846005420326e+01 2.987037787819587038e+02 4.125174355689512851e+01
1.149896982398876446e+02 2.566771198984914122e+02 2.942544575559347209e+02
2.057026949748862990e+02 1.818131964735396764e+02 2.966178513169231223e+02
6.861515048443729370e+01 2.291102616987760712e+02 2.860930388581695283e+01
1.002080193179594403e+02 2.982070488217612478e+02 2.953667822783879160e+02
1.532507153965608779e+02 2.824108763946463228e+02 9.674640864683138375e+01
1.759113828379908000e+02 1.619012032542806878e+02 1.384761344976261057e+02
1.183470654622663858e+02 1.731702370417870611e+02 2.507006247674692077e+02
1.419722903779017145e+02 2.839305434542038142e+02 1.252280929824767384e+02
5.248753757203459713e+01 2.691552640575808368e+02 1.372593698816970402e+02
1.405482080266547769e+02 2.859053329061054569e+02 8.495789187122495534e+00
2.514264581850152354e+02 2.234442237084478222e+02 2.942312354596055570e+02
1.393180100101780567e+02 2.480225800376021255e+02 2.071707839610141093e+02
2.685144233845064150e+02 2.107692286398830390e+02 1.431466985110235441e+02
7.364293174312625467e+01 2.873279041911450236e+02 1.495816503958727708e+02
1.562110725781582801e+02 2.636736127006387846e+02 6.350932268824723792e+01
2.850017706748899968e+02 2.158089776376260716e+02 3.954687098620556895e+01
1.783994973338837724e+02 2.547563103681786458e+02 2.685263652367632972e+02
2.599468746174092075e+02 2.536718026083047732e+02 2.541105003271207465e+02
3.712308223797087692e+01 2.062018554249852400e+02 1.387451566489865797e+02
2.049878012297660348e+02 1.958390377972420424e+02 2.596619029639411451e+02
2.234707471594913670e+02 1.548043758367151668e+02 2.779226416298109825e+02
2.923730382446537988e+02 2.975358696094942843e+02 1.632562370589727507e+01
2.571843082811254249e+02 2.910228334949719624e+02 2.456505911532629938e+01
1.698494190167243119e+02 2.296489473680043147e+02 2.104695947021559732e+02
2.520695153630277616e+02 2.431008877559465020e+02 1.748882862321871201e+01
8.706766912417569415e+01 2.190063517640176372e+02 1.765762318961809685e+00
2.735869957685540612e+02 2.211418737602131444e+02 2.510641549242411372e+02
2.411364919832968781e+02 1.854746591142823888e+02 3.800552008872241316e+01
1.284964160396624493e+02 2.086220573529791409e+02 2.133019622036725593e+02
2.394892900144089936e+02 2.098073418374308972e+02 1.270329880083762077e+02
3.543391422568186755e+01 1.874790208475230884e+02 1.672463742918755543e+02
2.338503225527964560e+02 1.678545684079570606e+02 1.832735077564503001e+02
1.728494609638989914e+02 2.032473297839762552e+02 1.302504693635279978e+02
1.031368514270015595e+02 2.020681493102008233e+02 9.233299666227892999e+01
1.180782283716069969e+02 2.200832410210341550e+02 1.256103975305668570e+02
6.905100167957753499e+00 1.561969029468824601e+02 5.274752640726588027e+01
8.704803644664014683e+00 2.949396260787683559e+02 1.412726600413718643e+02
6.056631921383137751e+01 2.910733553156865696e+02 6.983417727003757136e+01
6.877620672276243852e+01 2.574416751017064939e+02 2.947078948888796504e+02
2.840170762792147343e+02 1.656164093954583620e+02 2.419951096101239898e+02
1.572233789785990155e+02 1.638072284628337059e+02 2.649049319130181743e+02
7.219575505112526059e+01 1.676150302523753908e+02 2.381675999016624701e+02
1.175421396021542364e+02 2.731284026156620257e+02 6.908402871588144478e+01
1.143761514617790738e+02 2.671322011535668253e+02 1.285568202363207888e+02
2.832666822146497907e+02 1.535869422622978391e+02 1.360731088805580669e+02
2.968282674038582627e+02 1.839039074911867431e+02 2.732931019419642098e+02
1.377657221982970555e+02 2.538422766998243105e+02 2.401815682055604952e+02
4.960098911907925512e+00 2.205469118467282783e+02 1.735477667867659761e+02
2.571530227626170131e+02 2.987202340360946664e+02 2.478264353164871068e+02
1.971042462821267520e+02 1.729301228738049758e+02 1.640290788405664557e+02
3.442234596536371782e+01 1.861183442357827573e+02 3.539352464573403978e+01
1.105291775757067683e+02 2.841794726911601288e+02 2.461555618652288331e+02
9.291686183038039815e+01 2.294754001714516392e+02 7.478735686124366566e+01
1.211097901186489452e+02 2.879293585621994680e+02 1.570622526800703156e+02
2.337604237933308866e+02 2.941206040407927844e+02 2.055147895444615642e+02
2.194262524581515379e+02 1.901372595736274604e+02 1.508184483002115428e+02
2.205631809328379802e+02 1.791455061482307372e+02 2.271564779183891574e+02
3.605312885888620400e+01 2.168033014370990088e+02 2.114003907263825965e+02
4.607561681165024403e+00 2.229429129019941058e+02 1.432806973911663704e+02
3.991062693217131141e+01 2.811933465413595741e+02 1.702068492336449310e+02
7.684632802087861592e+01 2.192841567880303444e+02 1.026018051279912981e+02
2.754774668763162140e+02 1.561780953838295716e+02 2.879458904100611676e+02
1.947011878351796668e+02 2.250469757051354804e+02 2.404003699755330956e+02
2.194475546519905436e+02 1.647629275149762691e+02 1.945018287061290962e+01
2.748899482850780487e+02 1.629038370377144815e+02 3.127266465947590035e+01
2.152676972976511536e+02 2.983474259654129241e+02 1.098030154544167800e+02
1.201995847648459517e+02 2.307930178361991125e+02 2.502329638591892831e+02
2.718039887274288731e+02 2.435616884855216426e+02 1.561946604895591122e+02
3.501476347139986700e+01 2.582102672900529683e+02 2.799908931681524109e+02
2.952105101833152503e+02 1.519399726164994604e+02 9.002116508077081747e+00
1.655094284299576373e+02 1.707900176695134746e+02 9.567884906582681026e+01
1.381756763186025125e+02 2.308568015044697574e+02 1.799758930380467064e+02
2.607592279054331357e+02 2.606640074212558602e+02 1.239804475199008209e+02
2.482077634302291358e+02 1.603702504964299180e+02 5.327991316464399496e+00
2.148248755785857895e+02 2.070409191460795171e+02 1.829428909715360021e+02
1.911832858947443725e+01 2.965626851459347790e+02 2.060694641963728770e+02
2.181245805592810996e+02 2.628400822103549217e+02 2.186997724656458502e+02
1.342184821941521022e+02 2.809851653492117975e+02 2.718286907336375862e+02
2.224535799191127126e+02 2.304742487224786203e+02 2.906139096837528086e+02
2.660078709034444842e+02 2.188259050951399445e+02 1.860595778336522983e+02
7.300447353227461633e+01 2.486557830885020905e+02 1.493832861233504730e+02
2.337431325478675035e+02 2.266977738681432299e+02 1.534607971677295666e+02
2.185600430855724881e+02 2.407945262769828219e+02 3.064058694641927616e+01
2.260590904848119749e+02 2.349112645677184616e+02 8.188671724554971831e+01
1.134352654242253422e+01 2.500524053897523231e+02 1.254961613545863486e+02
1.764731581651423653e+02 2.873452082385612130e+02 2.882638152104805158e+02
7.479285907076008755e+01 2.670646083062463845e+02 7.744889594390286902e+00
1.397892445268045378e+02 2.409876060037471461e+02 9.829261789445756392e+01
2.189729123918494338e+02 2.710667287270442785e+02 1.438589144961901667e+01
2.959453901969842491e+02 2.892350333988129023e+02 2.475846435692513978e+02
2.950118656696938615e+02 2.195699842158986996e+02 1.260481345388419214e+02
1.760976141582592547e+01 1.887290497140770356e+02 2.077252553317016464e+02
2.308715277141357660e+02 1.907039452088502571e+02 9.555474582129636474e+01
6.998707229154723564e+01 2.756492336222570998e+02 2.359631278973355109e+02
1.250408786225899505e+01 2.784426732472907133e+02 2.517789098130252796e+02
7.682931255871321241e+01 2.730860859763176336e+02 2.662622868954869091e+02
1.623732683213418113e+02 2.342868786792610649e+02 1.128630477617271666e+01
1.678675777991467442e+02 2.070445518802782203e+02 2.852385083041476719e+02
2.404474939822736417e+02 2.012110545747542290e+02 4.870643429135974034e-01
7.211640538621725227e+01 1.890255422238576273e+02 1.493502273213204319e+02
5.843653482414755018e+01 1.850658353276694470e+02 8.915140913829642955e+01
2.339597554670909290e+02 1.896843833499939649e+02 2.645533173304748402e+02
2.288551171001288687e+00 1.542379346480722688e+02 2.124056291093936011e+02
1.554468528611832028e+02 1.647263646639815136e+02 1.703151444245060588e+02
6.880531279724917226e+01 2.556611175128462605e+02 6.992728658907446970e+01
3.515661602469096891e+01 2.364441330206339558e+02 1.439747248107199198e+02
1.119175796848261371e+02 1.511051137979898726e+02 1.528153907547446124e+02
2.944883063624860711e+02 2.205732047811123948e+02 8.417621504130298149e+01
6.916254060728650188e+01 1.777301433875529710e+02 6.050643845312687574e+01
2.842798500240261319e+02 2.732732526759636471e+02 5.507135871301840524e+01
2.680967065670073879e+01 2.487346493562548631e+02 1.516856959577829933e+01
7.938772281843507983e+01 2.119942812253016200e+02 1.773483456078558049e+02
2.164549882871573914e+02 2.905848568362744686e+02 4.291950763853159145e+01
7.769340030425382793e+01 1.802138791355120588e+02 1.118365954729966916e+02
1.427263538360964787e+02 1.524811610650019702e+02 1.924843114484355056e+01
4.520816694824569737e+01 2.217401505437638605e+02 2.624677912309671797e+02
4.791472357370955137e+01 2.458515599786104815e+02 1.988967987571339506e+02
4.421406350447226430e+01 2.149574012594513022e+02 1.468619920217300745e+01
1.930753711149238541e+02 2.695748664797475840e+02 1.205625795681267078e+02
2.014592630512422033e+02 2.006746191917137878e+02 3.724050008485647822e+01
1.298192865962369380e+00 1.802859648556065508e+02 1.135855416216415819e+02
8.518327944729949763e+01 1.900962157959081367e+02 2.014352329489867941e+02
2.072484226678818686e+01 1.613804949161516618e+02 2.571338655162094824e+02
1.087301800950039592e+02 2.224775898591643681e+02 3.557076278911300449e+01
1.727626612732248077e+02 2.930490847672174368e+02 1.362422946654086786e+02
1.542725797789994715e+02 1.543042449869315931e+02 2.100973074384238828e+02
7.853227570483936404e+01 1.589279265182128995e+02 1.030992653989967422e+01
2.669944964248001895e+01 1.696587517209800353e+02 2.577844534181876757e+00
9.339245702336160093e+01 2.250731644957130868e+02 2.871181249619440905e+02
2.857303140456457982e+02 1.861643082889161462e+02 1.013301549254473599e+02
1.194309264050679076e+02 1.517695407798858866e+02 2.853326685804152021e+02
1.970619581129486431e+00 2.418679040617000169e+02 2.960054023548219106e+02
1.857021233985686308e+02 2.948162548170549258e+02 2.052325227437192154e+02
1.790811847244105479e+02 2.093486884667682659e+02 9.783103585759039333e+01
2.571265095683569939e+02 2.946841097959298281e+02 1.140984757453905729e+02
1.594864054684383632e+02 2.416646810141184005e+02 1.303886213101856981e+02
2.251231384041209651e+02 2.865843189201723362e+02 1.449241287725960774e+02
1.928404859703243233e+02 2.763520089216856945e+02 2.408226237224065187e+02
4.167594241694691504e-01 1.578748898710142328e+02 1.302616700699823404e+01
7.159234830774624925e+01 1.982444436527923415e+02 1.848961757105983494e+01
1.053923586757050401e+02 2.766028497526472734e+02 1.639963739960349542e+01
2.195559325603060188e+02 1.547304734578298735e+02 1.290345478534573544e+02
1.089546888898854746e+02 2.370385710661644509e+02 1.024281538910422711e+02
1.456475263440094920e+02 2.100869626107656813e+02 1.140732785542576124e+02
1.862784242904191387e+02 2.877098393985662597e+02 4.949034337251500659e+00
1.125837267764677989e+02 1.556165371716270727e+02 6.554973257119692676e+01
2.410490609219215230e+02 1.583813932834034404e+02 6.379388611057027703e+01
1.362490528377225587e+02 2.701778056861606956e+02 1.789372364172950824e+02
5.011857791974188814e+01 1.549038119024620528e+02 1.842841105856550996e+02
2.574486113614674991e+02 1.685895138185317421e+02 2.084870632904185754e+02
9.787612937868431118e+01 2.536880484033656273e+02 2.458619743438324861e+02
1.438566886413966586e+02 2.896682495558882806e+02 2.162947107376565157e+02
2.544627457605813277e+02 2.673071779410500994e+02 1.638729780831220921e+02
2.601332369251360888e+02 1.845408373010028527e+02 7.144565178834321273e+01
1.721604885440354451e+02 2.439514112358185685e+02 1.632595938997380358e+02
1.865515329842869789e+02 2.540743848686514070e+02 2.770144431508651195e+01
2.130250387043366231e+02 2.952472550231603918e+02 2.543864536441719792e+02
2.642876174425687168e+02 1.745256883883986632e+02 1.517452748288988005e+02
2.965479091184319032e+02 2.424544493756362442e+02 1.519419753734459100e+01
1.216739678100390023e+02 1.904247076376049961e+02 5.879751216841560080e+01
1.188572870206275098e+02 2.857373135682211114e+02 1.989277434694149065e+02
1.184503817961929144e+02 1.925280982568482386e+02 1.858548802464528293e+01
1.235176147154718507e+02 1.958597177171816952e+02 1.505492059487353060e+02
2.633368642738759604e+02 2.448425303287843917e+02 6.423161466046178703e+01
2.424485031716691879e+02 2.789645531939354441e+02 2.304425911127655979e+02
3.929608740098584008e+01 2.671117730810718740e+02 2.230916096613005664e+02
9.362031529766643700e+01 1.779924847979373794e+02 4.294547537945305749e+01
1.873796599651506369e+02 1.527256552961538034e+02 2.529921698213351178e+01
2.847257754360174999e+02 2.725899587745419126e+02 2.798736721971248471e+02
7.597763357841685661e+01 2.564126085410453584e+02 2.043248777903343978e+02
1.344576084924101451e+02 1.732356520702776947e+02 1.149783510026608724e+02
1.985584742520196926e+02 2.293448020029582040e+02 1.670562017497500733e+02
2.917856436255253811e+02 1.843425223936078226e+02 6.590056234404579527e+01
2.022365148802644228e+02 1.531025087178880142e+02 2.129307453860728572e+02
1.716970521085275436e+01 2.781368914001981807e+02 2.999499437328932459e+02
1.270678440940497893e+02 2.133404357501272557e+02 2.938611525625092895e+02
2.130006129350076094e+02 2.620280513613172957e+02 9.842728505434195085e+01
2.750693760708042532e+02 2.990061427518450614e+02 1.484954853330451670e+02
4.491959669578097447e+00 2.254094609010103341e+02 1.668635995984192633e+01
2.577080958160461250e+02 2.510611768155255277e+02 2.222715125656064856e+02
1.765324800987022797e+02 1.712424635008090377e+02 5.815096205620842795e+01
2.144370958537928118e+02 2.207211013477283927e+02 1.131751053039039050e+02
2.918367908812926999e+02 2.704202038566839406e+02 1.624809371053757729e+02
1.590405816106424766e+02 2.034305853391911398e+02 1.695096994890122630e+02
2.258591500638715104e+02 2.984395446261410143e+02 2.998706728839418929e+02
1.493740761363168872e+02 1.809651386339277792e+02 4.925311161951209726e+01
3.981187190197816306e-01 2.016380332405584568e+02 7.290659910193703297e+01
1.017907820662253471e+02 2.979933176410032729e+02 1.258641418332800725e+02
1.859220978970131739e+02 2.932086601060333919e+02 5.504489552974098387e+01
7.695535109116976002e+01 1.550659354516802466e+02 2.100805646616578883e+02
2.735518425066996429e+01 2.747119862744424950e+02 1.130597843510398235e+02
1.666651125640441933e+02 2.887670547133700438e+02 2.543425421778118221e+02
5.571044573218972573e+01 2.965804540455479241e+02 1.181569720397734500e+02
1.816405668185931859e+02 2.838535482778227106e+02 1.702947683948759732e+02
7.052015155562385473e+01 2.425753216546207796e+02 2.543392477126322149e+02
2.576439180851817810e+02 2.767628776222660463e+02 7.860778157173423608e+01
1.197072517736297925e+02 1.667371969277836001e+02 3.247397228934631119e+00
9.581363905900448685e+01 2.584265869496259711e+02 4.693984815180264292e+01
2.989247414963990934e+01 1.825402235310309891e+02 2.936356358011620387e+02
9.701363236232131726e+01 1.597636052549022168e+02 1.280593816736291046e+02
1.060412355194241485e+02 2.538366887342730820e+02 1.776912417421459054e+02
2.909752710398482236e+02 2.959641120833866239e+02 7.389761089814057016e+01
1.482488581894973265e+02 2.500615298280201273e+02 2.724512342129771127e+02
1.043068207713644284e+02 1.817194245905084813e+02 2.814430375864012035e+02
2.498498929423308823e+02 1.648997353543526572e+02 1.120157023952298090e+02
1.370341384255455637e+02 1.737899270512103840e+02 8.224651566000424907e+01
4.188128244322427918e+00 2.152879520669595763e+02 1.083018383960904600e+02
1.799216992248082647e+02 2.366456523992266057e+02 8.524997994985290006e+01
1.847893135546522387e+02 1.522792661519501110e+02 2.425168599200863184e+02
7.383207866313077261e+01 2.968192489904747049e+02 1.861744247136960269e+02
2.099767256598352674e+02 2.616729111313075009e+02 5.602040649030169561e+01
4.597441228591305418e+01 2.790063088140742593e+02 3.420512583832319109e+01
5.333517007721668080e+01 2.936298047444533381e+02 2.120693783322081458e+02
7.497874432346175411e+01 2.054937720738011819e+02 2.267313592852002273e+02
1.925719801087708349e+00 2.753053867339247631e+02 1.726644168832238506e+02
2.948866793901030974e+02 1.888912754899030233e+02 2.799491596353705347e+01
4.550301009705374611e+01 1.786040564685279435e+02 2.632347913843882452e+02
7.653897144292537291e+01 2.670283276559399610e+02 1.020268435273561636e+02
2.016183323353526475e+02 2.338114386273662717e+02 2.045064529958608261e+02
9.174050341806665188e+01 2.964530905492894703e+02 8.298907175058639041e+01
2.002853982582610683e+02 2.628835438347463196e+02 1.821262871327739390e+02
2.985469219229192959e+02 1.775592412565501945e+02 2.109414668879502415e+02
1.240256405867694589e+00 2.969735819781005830e+02 1.084024034885587895e+02
4.403542594162174595e+01 1.766036775525134885e+02 2.187461712562897276e+02
9.854133718660281716e+01 1.684162019835205513e+02 9.348400110957645381e+01
1.542566314900374778e+02 2.992647181137107850e+02 5.036680457145983780e+01
6.223558843216978609e+00 2.947123250084906658e+02 5.953744613768383687e+01
4.881530615901277770e+01 2.382511787072541551e+02 2.280484773738659499e+02
1.388774476112168941e+02 2.132705191181601947e+02 8.072270798772078138e+01
2.954518425554443297e+02 2.120158668752986273e+02 2.971424690785987650e+02
6.971613302163597037e-02 2.377798705042008294e+02 4.526798554712056699e+01
5.297746421025795627e+01 1.605006494849700971e+02 1.542965374824120488e+02
1.000028748988443823e+02 1.534928125813009956e+02 2.350004043900016200e+02
2.990512300775133099e+02 2.460959648740806927e+02 5.279631757857170982e+01
7.466751880576180156e+01 1.514159493390886837e+02 7.707092816588829010e+01
2.239240334148604177e+02 2.624870704521676430e+02 2.959455863549080163e+02
1.310543705116493243e+02 2.510497480853962031e+02 9.842368376938367192e+00
1.901531752947485074e+02 2.060484824276816482e+02 2.070749842072277414e+00
2.956174104721763456e+02 2.433512691960362417e+02 2.135991206591484968e+02
1.744325092727667670e+00 2.698606900746829069e+02 2.062184009822250630e+01
1.070290535256072815e+02 1.507561727324394951e+02 3.465463490830835269e+01
1.610434728129628468e+01 1.988370123103254627e+02 8.703175342488476574e+00
2.832703096226940147e+02 1.515614355597710698e+02 1.905104078162029566e+02
1.312092823127771908e+02 2.985208747700199297e+02 8.050968796191290267e+01
1.661717407918832237e+02 2.400565204847933103e+02 2.398564449401519596e+02
1.955747785226090514e+02 2.441588681937761578e+02 1.410994206356497500e+02
2.991603319896478865e+02 2.369036084740787373e+02 1.781789372597561396e+02
7.288799694229314241e+01 1.966385840954881701e+02 2.867942070633849312e+02
2.532801589265134794e+02 1.920614557569279555e+02 2.974414723823620648e+02
2.471689330876067743e+02 2.972985480609548290e+02 5.386206230925718330e+01
1.117824034296771742e+02 1.786119052195913071e+02 1.749304342978167881e+02
2.846654356348198007e+02 2.978124789313005749e+02 1.794021755795331785e+02
2.978602117321643163e+02 1.877104597164958477e+02 1.466042099953344007e+02
2.554470474596886618e+02 2.628815377463665754e+02 4.155655174364381566e+01
2.020377954329207455e+02 1.818540627120832198e+02 9.963238497557824758e+01
2.843190646015714265e+02 2.416266212880941282e+02 2.800847456326097245e+02
3.433923991144169463e+01 1.538077890904488640e+02 2.858187892246943989e+02
4.880150963699458089e+01 2.179723790470243046e+02 1.643159352071899377e+02
1.796094147897780502e+01 2.480371796493571424e+02 1.756851001570476569e+02
4.755166871791470840e+01 2.785122365795963901e+02 2.993508188261515670e+02
1.359940073715682018e+01 1.550767031988019369e+02 1.825831131503487086e+02
1.152177278151716564e+02 2.999137706509332020e+02 4.398289444690350081e+01
2.852192459670666267e+02 1.545264229108721565e+02 6.188849137618948504e+01
1.456028098017300181e+02 1.874019730411415026e+02 2.333464422809009307e+02
1.421588824817660566e+02 2.196764812186855806e+02 1.492115422550712935e+02
1.062298317834826946e+02 2.319847196151492881e+02 1.505792341965305070e+02
5.948433645516487900e+01 2.157003226319268947e+02 7.458729275549698912e+01
1.779150589411698320e+02 1.529119583490072216e+02 1.870197315694626923e+02
3.714215954976628353e+01 1.672240909481980111e+02 1.253115609846136920e+02
2.556379409897352843e+02 1.506006135499443133e+02 2.434909172304399192e+02
2.316453844533588722e+02 2.513845200083857776e+02 1.246117748079715852e+02
2.751786471996127830e+02 2.650432459292119347e+02 8.836032176032077246e+00
1.935804849182636360e+02 2.210678865076835962e+02 2.727106428996676755e+02
5.329671650848714393e+01 1.567360758662100579e+02 3.400058055462501727e+01
2.128040012738921121e+02 1.682156621397029710e+02 5.303239289365964737e+01
2.956510527818296055e+02 2.448904448435304744e+02 2.512868787060684497e+02
2.758670106056107585e+01 2.863322124874190422e+02 6.125540320210283163e+00
2.495963263244311747e+02 1.860845420656245324e+02 2.323395830477789161e+02
2.326774929593733816e+02 2.383470542809679671e+02 2.014186369575042193e+02
1.476850812339180550e+02 2.060451078405381509e+02 4.166378082964075524e+00
4.239816443470792962e+01 2.065739061267913428e+02 1.031964588027438197e+02
2.490931902951850816e+02 1.929720863512226288e+02 1.699647147403905194e+02
6.793981841445078373e+01 2.183237749957860387e+02 1.338939597312482022e+02
1.926285167900619513e+02 2.577891017428275973e+02 2.969687935732645769e+02
2.425179436194328797e-01 2.608871558980584950e+02 8.820374705978879604e+01
1.367787800793550161e+02 1.967493734559274685e+02 2.691390520743515822e+02
3.701686465167166062e+01 1.653029342731690008e+02 6.776835370875976139e+01
7.857981663441435671e+01 2.685927708017825353e+02 1.729607135903328299e+02
1.566467317963290498e+02 1.686270890785331460e+02 2.994198768211404058e+02
2.245853935623811708e+02 2.840411883611173494e+02 1.771906158903887558e+02
4.732102584088980990e+01 2.432316189380965454e+02 1.049452196562802015e+02
1.708387152054101534e+02 2.064737242821639143e+02 6.566286391438315206e+01
1.873429657597210962e+02 1.638637521313294769e+02 2.776471945754064450e+02
2.089298440836358406e+00 1.972342398570973785e+02 2.884482231956349096e+02
3.911214907881247882e+01 2.008443557648791966e+02 2.387477632313743072e+02
1.656101908802294798e+00 1.872221062280512456e+02 1.672586430240107234e+02
2.999878681348945406e+02 2.484939204806059081e+02 9.972852462147828589e+01
1.830015640403574935e+02 1.931480880404145921e+02 1.912314762722480452e+02
2.110224733291809400e+02 2.660259303635733090e+02 2.683736358569070717e+02
4.243629057924260195e+01 2.379904447547411905e+02 4.236969725702414991e+01
2.080796622814001751e+02 2.346183753767293183e+02 8.232772113392680668e-02
8.011151842876037676e+01 2.965834531804673588e+02 7.090588409149562565e+00
2.061434013056927199e+02 2.051588753381613799e+02 2.141893900114286566e+02
1.081743776624025770e+02 2.682965897775702047e+02 9.910190824537498600e+01
1.646344405515005462e+02 2.647779040492555396e+02 1.967698516687482524e+00
1.470142432603862801e+02 1.518734176130131459e+02 2.392685943615374526e+02
6.657951801398331781e+01 1.539499735285995712e+02 2.980226674983208568e+02
2.313774968245719208e+02 2.993032274737375360e+02 6.587827403011819349e+00
1.066196049005588981e-01 1.516504992621132715e+02 2.824767657697048548e+02
2.138271018850302028e+02 2.998829102352310656e+02 7.656314093754667738e+01
1.649348311467202848e+02 2.766212898812194680e+02 3.062143750580813162e+01
2.610427935876890615e+02 2.077784358654650418e+02 9.604171906855680163e+01
4.355253096663539658e+00 2.971758961491989908e+02 2.743629239627768470e+02
1.417620142147938225e+02 2.510823597996880778e+02 1.554252562135818039e+02
2.354562638931448078e+02 1.501345477918529241e+02 2.181871184317086545e+02
1.387786304673093127e+02 2.118770810885208959e+02 4.013591468852332156e+01
1.888025513164807307e+02 1.551727011688829805e+02 8.390187317157324287e+01
7.057433676582856208e+01 2.971349600404179228e+02 2.864186888223487131e+02
7.159741433561623847e-01 1.946919723703896636e+02 4.201787572133568460e+01
7.089722190050326001e-01 2.000414925074832411e+02 2.363798058368932118e+02
2.959363673232823544e+02 2.986611360225864473e+02 2.957325913520284644e+02
1.368565028313964262e+02 1.912752362165788895e+02 1.879724906839472283e+02
1.114526302150448913e+02 2.134879422740718553e+02 1.757344630144374946e+02
9.568033319791510394e+01 2.001509129603834083e+02 1.306278891295770279e+02
2.990920579904511669e+02 1.508759870584756300e+02 2.687942208565121405e+02
2.923386104432397019e+02 1.987955831930997590e+02 2.404852937375628699e+02
1.169807823488410463e+02 2.228591990371118072e+02 1.428167050852522935e-01
2.353013477612943234e+02 1.968729759266601889e+02 2.030617415690224163e+02
9.607650254389160693e+01 2.975929156900807584e+02 2.232714297649758919e+02
9.130876064096909994e-01 2.542420086831542676e+02 2.685705126667614309e+02
8.238374376619067618e+01 2.047211344711111565e+02 5.202691324917505256e+01
2.465947961040455141e+02 1.578257173357926604e+02 2.968797350388948644e+02
1.280256216922212502e+02 1.522041304330381308e+02 1.805457920573834087e+02
2.020204626373855490e+02 2.271410410916196838e+02 6.207649817238321077e+01
7.092855090730472156e+00 2.691473350405856308e+02 2.195933672844444686e+02
9.709551838892691933e+01 1.859315925136378951e+02 2.333480142360386083e+02
1.441689339055590438e+02 2.934596562519622580e+02 2.996398497525568132e+02
1.426285386160261908e+02 1.525350187899426828e+02 1.371711078774677048e+02
