7.500000000000000000e-01 7.500000000000000000e-01 0.000000000000000000e+00
2.907713229666803727e+02 2.909167598853255186e+02 1.441537172294972322e+02
5.828360786077988109e+01 2.091869006687999502e+02 1.252367805947842783e+02
2.580764639281755422e+02 2.515729915883642036e+02 2.922218685553493174e+02
2.953380393794473591e+01 1.639532609107272094e+02 2.290173771572409862e+02
1.913898721252146231e+02 1.747042554407862838e+02 1.194260226987917974e+02
1.730714494993346193e+02 2.781443058459051940e+02 1.583335103135511872e+02
7.529921822744620385e+01 2.422903918031876174e+02 2.260134151971106462e+02
4.289338246305226221e+01 1.979495044659092571e+02 1.126903811423573956e+02
2.527270681224186148e+02 1.568677976004009622e+02 2.511926188045356980e+02
1.477851351117788283e+02 2.946850707763236983e+02 1.369911591290541537e+02
8.585231997318368258e+01 2.482363720572369914e+02 2.260946063721686698e+02
1.668884987191632376e+02 1.848386439266951982e+02 1.348254659282661976e+02
1.803298835312275230e+02 2.333273998496055412e+02 2.814270860095721218e+02
1.134657936566823366e+02 1.976347077603255400e+02 1.726569275721116696e+02
2.172625545860879299e+02 2.059184129022798118e+02 2.225915551184417325e+02
2.757616198901973803e+02 1.969535435810838351e+02 2.704764862331622339e+02
2.141577879915005269e+02 2.908255293851053125e+02 2.935437882280713211e+02
1.830670466507018261e+02 2.089235858886529513e+02 1.826040277546705681e+02
2.124416322424492023e+02 2.779890217370598293e+02 9.982972131413724526e+01
1.545958194914771866e+02 2.635008471891031832e+02 1.085953565101492728e+02
7.307345135394939462e+01 1.890695878306844122e+02 1.051062095507552101e+02
2.382562074277301178e+02 2.282391144619111572e+02 1.817564401746321892e+02
2.417428967211266411e+02 2.417459939781763865e+02 2.062277520307488601e+02
1.800438890427748362e+01 1.536754342135009210e+02 2.448848467382248941e+02
1.709083349850951663e+02 2.871509335231417595e+02 1.740835561083574419e+02
9.188697441618397477e+01 2.327712780060985835e+02 5.631131530157849596e+01
2.633589858363338863e+02 2.699818845131810008e+02 1.300556900961678650e+02
1.018715151340002336e+02 2.123664823439783618e+02 1.556781713788914772e+02
1.228750560008939487e+02 2.068928486537160438e+02 2.822392177517759819e+02
2.577031410990926474e+02 2.454538988515282654e+02 2.084234985961702478e+02
2.339794039343633187e+02 2.547894122944740047e+02 1.108290027709140588e+02
9.804713868788195441e+01 2.372630759700113003e+02 9.745768175594881200e+01
2.302445545536515112e+02 2.398484807648908372e+02 2.862538303468667209e+02
2.554055678507033065e+02 2.679910651034058446e+02 1.381062884281150502e+02
1.732319866357838123e+02 2.077655203252342631e+02 1.072313918435831539e+02
3.594587566531614442e+01 2.102101005962135503e+02 2.235075702363440939e+02
4.593402775804925398e+01 1.744459161398189337e+02 3.704597609883888509e+01
1.409878186839535772e+02 1.851733301736155681e+02 1.008778575312019967e+02
1.117355056238679225e+02 2.294025462210737203e+02 2.295919371812063048e+02
2.245956388850793815e+02 2.911162078251095409e+02 2.487644794477278367e+02
6.359031165491575877e+00 2.417334700760807209e+02 3.320194191137512973e+01
1.897228513766976050e+02 1.869383888325888279e+02 6.901345208271108334e+01
7.091194642158582084e+00 2.635628428476992440e+02 3.528636201559013585e+01
1.314189546036666911e+02 1.827772351137530222e+02 2.507894694434628136e+01
2.083229289191140197e+02 2.879813149688374097e+02 1.858935965385311420e+02
2.838769421039550593e+02 2.747531484237216546e+02 2.675257071874265762e+02
2.345920268523811814e+01 2.760976867441465288e+02 2.208988204452804496e+02
2.953408177242576826e+01 2.322302467717474030e+02 1.339143491267957842e+01
9.864518532429936926e+00 2.424408766357875038e+02 1.832847762863273715e+02
1.159082412942347133e+02 2.614906643213061557e+02 2.600719285524831434e+02
1.545350332490089329e+02 2.515599979043386725e+02 5.961514157900440836e+01
2.524437606517038262e+02 2.577269901739637703e+02 6.169392288208122466e+01
2.408807201951667594e+02 2.857366409524907453e+02 1.203224199514112200e+02
2.816703117721040712e+02 2.489403290775158268e+02 1.598490970216272160e+02
2.763565140525425932e+02 2.765773820184058991e+02 2.742674260752835025e+01
4.440516769048797130e+01 2.748501790776429630e+02 2.725211362481392143e+02
1.886399027803095407e+02 1.616619775326961701e+02 2.613519909885333732e+02
1.535085411489491776e+02 2.696212290808384751e+02 2.507272079381067442e+01
4.043190720961352902e+00 2.847297671805656023e+02 1.930315214309578096e+02
1.801089373866261951e+02 2.341522797002196228e+02 4.808055538164965981e+01
3.930841380536056562e+01 1.983874430129920086e+02 2.318103892501911290e+01
2.850057208900884831e+01 1.641597015469588143e+02 2.872752624133346444e+02
1.244727737984251803e+02 2.672576718336542854e+02 1.940870908667142487e+02
1.560845581783318039e+02 2.353230356805830752e+02 6.068387182178715022e+01
2.608401454909037653e+01 2.869912989527987293e+02 6.423798162866565065e+01
2.763091076804133195e+02 2.669353132142257436e+02 8.649071132049589039e+01
1.922668755503509885e+02 2.577115147777641937e+02 1.711849087819794022e+02
1.487862051753261596e+02 1.796396343431692060e+02 2.191271351467235888e+02
3.720539336786406892e+01 1.855621725653125225e+02 7.221857765494796411e+01
2.010969494180193919e+02 1.795408074152532549e+02 7.368042175719493514e+01
2.110700407326562242e+02 2.894488309753086241e+02 2.036005191117899358e+02
5.149460442538036808e+00 2.333886442335947891e+02 2.215319042176741675e+02
8.130625054171437682e+01 1.672730054708969192e+02 2.078596795607611512e+02
2.783660715168894058e+02 2.315898354806884072e+02 2.215348909659321066e+02
1.699213735098829261e+02 1.586610974660699185e+02 2.308158432583759634e+02
1.120820751846504848e+01 2.744226523588689020e+02 1.927579761379659828e+02
2.704316682156909906e+02 2.295169442915053253e+02 1.520296541290877883e+02
2.402974957293331499e+02 1.587449153977431990e+02 3.879562575818831505e+01
2.567770286266425828e+01 2.799292091997989473e+02 3.591617960615744920e+01
2.754516530682371922e+02 1.884114989347756364e+02 1.435501491315594649e+02
1.978511311936619563e+02 2.157548314267174590e+02 1.703609706977564997e+02
5.540018318579171819e+01 2.580665041934645956e+02 2.682344919318996972e+02
1.757758395598369532e+02 1.519801667127067049e+02 1.640098744032936509e+02
2.622601716815389636e+02 1.751500991253704456e+02 1.192166028296257849e+02
2.557928217493102068e+02 2.915526324088111778e+02 5.210186124277972652e+01
7.152325607376913297e+01 2.628398814468006321e+02 3.490788039409728327e+01
1.585035061785121115e+02 2.427847833471265631e+02 1.410032590918239919e+02
2.390813353431112489e+02 2.435400212334090781e+02 1.180731211128216671e+02
1.875424762405025945e+02 2.054240350968368887e+02 2.030518262639473903e+02
1.973910263821358626e+02 1.606584236203223099e+02 2.452681181798932073e+02
1.750874759792494046e+02 2.291278021993912830e+02 1.381278634981687787e+02
4.080648533112854892e+01 1.576631273744118289e+02 2.044965986957574842e+02
1.954487677565404908e+02 1.858772715093560635e+02 2.445005061389232139e+02
2.703046273429152961e+02 2.363373425962674332e+02 9.854377540312560768e+01
2.377916530767883785e+02 2.701508330523869859e+02 1.763284154780564563e+02
1.039811539093481940e+02 1.762541793338668583e+02 8.641686151480152489e+01
2.182490571315030650e+02 1.984978317561307790e+02 1.854406076707231321e+01
2.144420832754879882e+02 2.041483036513932632e+02 9.912941207094847940e+00
1.169154610205851981e+02 1.569857321998015607e+02 9.602594121508198555e+01
4.385282272437515161e+01 2.589965416191757299e+02 1.823292628391030519e+02
1.149948248083722717e+02 2.859090862301970333e+02 1.714064070464065423e+02
8.128880819640275490e+01 2.060513477415775014e+02 1.552844401179211786e+02
1.826750569297124969e+02 1.996247495564838346e+02 8.276995650831487694e+01
1.780449611280935187e+02 2.517241904064411244e+02 1.718745634495265620e+02
1.123412675405370038e+02 2.673305582002124652e+02 1.784742783292578849e+02
6.460537980808307168e+01 2.146520332291682678e+02 2.544244915436108840e+02
3.347274190352224821e+01 2.121880823803409442e+02 2.268880107158812010e+01
5.117063378963773346e+01 2.606668116283889844e+02 8.829392117989772260e+01
9.611919354876687294e+01 2.654734455797411101e+02 2.810233788294157762e+02
2.471090471871914929e+02 2.133281543643855969e+02 2.894112501134009676e+02
8.575222150988371084e+01 2.319412110880182354e+02 2.041704004761926683e+02
1.543149400376129563e+02 2.428776657560399315e+02 2.549274992389992747e+02
2.310524970437740251e+02 2.921340267875480095e+02 2.584884554903764524e+02
2.366150810355137821e+02 2.517477957566104578e+02 1.627680827930651617e+02
4.621673700578502775e+01 2.130045079149706453e+02 2.244612153148945310e+02
2.183911525758844334e+02 2.380902132667879698e+02 8.796855585608359718e+01
4.842738254643067286e+00 2.069260475455224935e+02 3.956301977149985305e+01
2.818134618320501090e+02 2.740982644490566713e+02 1.054730895588702566e+02
2.019411064131807620e+02 2.383399776096080700e+02 7.959030479431665128e+01
2.521559275530666469e+02 1.769163175913863313e+02 1.512756091271197363e+02
9.440918256080213666e+01 1.747689840638719261e+02 1.173218426376544130e+02
1.557655830432823620e+02 2.792978048920159608e+02 1.369980823583901213e+02
2.784513411797086064e+02 1.630000127549005526e+02 6.262225709932301498e+01
2.032697166450990665e+02 2.003746150798193355e+02 1.185279036780608948e+02
8.045534286525145262e+01 2.729827024439990737e+02 1.526563138061633822e+02
2.231378100093571959e+02 2.421946355913910054e+02 2.471657591742615523e+02
1.916757740359533386e+02 2.498255120192634422e+02 2.534556622751840393e+02
